  -9.1615079018786576E-017
   1.9764846156286971E-018
   2.3875506067634110E-016
   3.7617519958571396E-017
 -0.16375941034710345     
  0.16375941034710326     
   1.8214782048010263E-016
   1.8893753937186782E-018
  0.31334143601312764     
  -1.0312369879648975E-016
  0.16375941034710359     
 -0.31334143601312753     
 -0.31334143601312769     
 -0.16375941034710337     
  -2.2019010947316601E-016
  0.31334143601312753     
  -4.6431993035018663E-019
  0.31334143601312769     
  -6.8320897681171304E-017
 -0.16375941034710381     
 -0.31334143601312758     
 -0.31334143601312747     
  0.16375941034710356     
   8.6620093816252802E-017
  0.31334143601312747     
  -2.3375337860331046E-016
   3.3368853670189744E-017
  0.16375941034710348     
 -0.16375941034710340     
  -1.7172886266853793E-016
   3.7568653482402507E-017
   1.7172886266853790E-016
   0.0000000000000000     
