  -2.6865397879567205E-016
   2.6893174046128399E-016
  -1.0444714883825381E-016
  -5.3620659489635454E-016
  0.31334143601312775     
 -0.31334143601312714     
  -1.3085740776467831E-017
  -4.9208764915105679E-016
  0.16375941034710331     
  -3.6408745452178387E-016
 -0.31334143601312731     
 -0.16375941034710309     
 -0.16375941034710381     
  0.31334143601312764     
   3.6198963672865024E-016
  0.16375941034710312     
  -4.5011678385703501E-016
  0.16375941034710403     
  -4.4217351836086359E-016
  0.31334143601312786     
 -0.16375941034710290     
 -0.16375941034710398     
 -0.31334143601312764     
   5.3278793709911351E-016
  0.16375941034710365     
  -2.8296866357986941E-016
  -2.8433703658786231E-016
 -0.31334143601312786     
  0.31334143601312842     
   3.2383156960352876E-016
  -1.1270596044720752E-015
  -3.2383156960352871E-016
   0.0000000000000000     
