  -4.0529661359265550     
  -3.8180780101937417     
  -3.8180780101937404     
  -3.5631030207427150     
  -3.5599087233621756     
  -3.5599087233621725     
  -3.2609566437685964     
  -3.2609566437685942     
  -3.0394313838631191     
  -3.0394313838631155     
  -2.9855970630145841     
  -2.8569450476466831     
  -2.7133177370011752     
  -2.6049755292104315     
  -2.6049755292104302     
  -2.5583780046742977     
  -2.5583780046742968     
  -2.2041620256875460     
  -2.2041620256875452     
  -2.1340651393334178     
  -2.1340651393334169     
  -2.0331110418088953     
  -2.0331110418088949     
  -1.9142928382008753     
  -1.8281311257334023     
  -1.8281311257334021     
  -1.7330049372917049     
  -1.7330049372917049     
  -1.6253980687003213     
  -1.5543851542148230     
  -1.5497436166471592     
  -1.5320888862379551     
  -1.4293290680624791     
  -1.4293290680624782     
  -1.4031663096641203     
  -1.4031663096641191     
  -1.3272067003817751     
  -1.3272067003817745     
  -1.0983979456301485     
  -1.0983979456301483     
 -0.97570427967171081     
 -0.97570427967171058     
 -0.89476317771623159     
 -0.83184366393279952     
 -0.83184366393279918     
 -0.75586616010163377     
 -0.75586616010163377     
 -0.72523995239388361     
 -0.67582702243716364     
 -0.67582702243716342     
 -0.63784197878253446     
 -0.63784197878253446     
 -0.53743512772444180     
 -0.48556110839836081     
 -0.48556110839836020     
 -0.45439636289839697     
 -0.45439636289839686     
 -0.34729635533386061     
 -0.32789883947871429     
 -0.32789883947871401     
 -0.32200156014308096     
 -0.32200156014308084     
  -2.1362568986766740E-002
  -2.1362568986766688E-002
  -4.7791787440707407E-016
  -1.8316070329842407E-016
   2.9601748023597319E-017
   6.5210182124539490E-017
   1.8617700428276305E-016
   1.9896557533793264E-016
   3.4727733114309565E-002
   3.4727733114310121E-002
   5.9665148648829082E-002
   5.9665148648830067E-002
  0.12280623465009592     
  0.18436681409169547     
  0.18436681409169620     
  0.24961244024207208     
  0.24961244024207219     
  0.25813685344136328     
  0.25813685344136406     
  0.30710834700761863     
  0.38894374311234731     
  0.49114236315928533     
  0.49114236315928539     
  0.50880671183748982     
  0.53256314468676846     
  0.53256314468676857     
  0.65656629891619811     
  0.65656629891619889     
  0.75831021881603866     
  0.75831021881603977     
  0.76323773473435952     
  0.76323773473435996     
  0.90319452182599358     
  0.90319452182599380     
  0.99999999999999944     
   1.0000000000000004     
   1.0058900132826365     
   1.0058900132826378     
   1.0872910811319627     
   1.0872910811319632     
   1.1096929676738543     
   1.1158264811422980     
   1.1158264811422982     
   1.1713197235480615     
   1.1934341894688074     
   1.2190497206569781     
   1.2190497206569781     
   1.3426445268007785     
   1.3426445268007787     
   1.4663140975425057     
   1.4663140975425057     
   1.5111456541195913     
   1.5111456541195916     
   1.5573966519187035     
   1.5573966519187048     
   1.7256975024468821     
   1.7256975024468826     
   1.7492094133459544     
   1.7492094133459548     
   1.8793852415718162     
   1.9152024512585781     
   2.0411619281912281     
   2.0411619281912290     
   2.0690968773311122     
   2.2210190702994876     
   2.2501533605966113     
   2.2501533605966118     
   2.3654433693005830     
   2.5208061998469171     
   2.5208061998469180     
   2.5589975376950789     
   2.5589975376950802     
   2.6303005007226692     
   2.6303005007226692     
   3.0541857195564832     
   3.0541857195564850     
   3.0555262313996949     
   3.0555262313996989     
   3.0759068674659589     
   3.1786999948166508     
   3.3593735927652761     
   3.3593735927652797     
   3.4755105583068122     
   3.6070224110075952     
   3.6070224110075970     
   3.7605765641451265     
   3.8012159560921082     
   3.8012159560921108     
   3.9698742815581070     
   3.9698742815581078     
   4.1096192697068608     
