  -3.8207284558389176E-016
   4.9526355239137843E-016
   1.5963792787676567E-015
   1.3843093338294921E-015
  -5.9652803530152454E-016
  -1.0837684916165102E-015
  -8.6418190485111936E-003
   5.1859848534961386E-003
  -4.2695881552479165E-016
   3.1485231088979049E-016
   7.4766581814600386E-016
   3.4558341950146252E-003
  -1.8602198774420042E-016
   3.4553438533818301E-016
  -4.4669129506402783E-016
  -8.6418190485103540E-003
   8.6418190485107651E-003
  -7.7758979810660378E-016
  -1.0894063429134349E-015
  -5.1859848534967943E-003
   5.1859848534969218E-003
   7.4202796684907923E-016
  -8.1792211892306455E-016
   3.4558341950133575E-003
  -4.3368086899420177E-019
  0.10053100496868075     
  -3.4558341950140042E-003
  0.10089599564294104     
  -4.7233267644331001E-016
   3.4558341950136355E-003
   2.8015784137025435E-016
   5.1859848534970589E-003
 -0.10053100496867977     
 -0.10089599564293851     
  -8.6418190485105101E-003
   3.4694469519536142E-016
  -2.0317948712378353E-016
   5.6508617229944491E-016
  -3.4558341950138944E-003
  -5.1859848534968212E-003
 -0.20142700061161983     
   8.6418190485106905E-003
  -3.4558341950137483E-003
  -4.8218536368577203E-016
  -2.7766417637353769E-016
  -3.4304156737441360E-016
   5.1000870193718129E-016
  -5.1859848534965081E-003
 -0.10089599564293987     
  0.20142700061161894     
  0.17482953505002935     
 -0.17482953505002924     
  0.20142700061161709     
 -0.10053100496867771     
   8.6418190485104528E-003
  -2.3136874360840665E-016
  -1.8531556226619034E-016
  0.10089599564293839     
   8.6418190485104875E-003
 -0.18261510252797225     
  -5.1859848534966104E-003
  0.10053100496867905     
   4.3552401268742713E-016
   5.1859848534964110E-003
   3.7139345418490954E-016
 -0.17482953505002918     
  0.18261510252797300     
  0.18261510252797522     
  0.17482953505002899     
  -3.1745439610375570E-016
  -8.6418190485103661E-003
  -9.7686615740943950E-016
   3.4558341950142292E-003
  -3.4558341950141421E-003
 -0.20142700061161720     
 -0.18261510252797489     
  -2.6806898714704097E-017
 -0.18261510252797367     
 -0.20142700061161839     
  -3.4558341950140185E-003
   3.4558341950139092E-003
   4.9233620652566756E-016
  -8.6418190485108536E-003
   7.8671064888263809E-016
  0.17482953505002946     
  0.18261510252797239     
  0.18261510252797408     
 -0.17482953505002893     
  -1.8127860323957634E-016
   5.1859848534966356E-003
  -4.9672722532423386E-016
  0.10053100496867787     
  -5.1859848534966026E-003
 -0.18261510252797392     
   8.6418190485104320E-003
  0.10089599564294001     
  -1.0225381739253914E-017
   1.0950441942103595E-016
   8.6418190485108778E-003
 -0.10053100496868039     
  0.20142700061161944     
 -0.17482953505002954     
  0.17482953505002924     
  0.20142700061161764     
 -0.10089599564293909     
  -5.1859848534963520E-003
  -4.3194614551822497E-016
   6.8564945387983300E-016
   5.4893155992941089E-016
   1.1302807648161384E-015
  -3.4558341950142496E-003
   8.6418190485108900E-003
 -0.20142700061161778     
  -5.1859848534963901E-003
  -3.4558341950142440E-003
  -5.5294310796760726E-016
   4.0982842119952068E-017
  -2.9511983135055431E-016
  -8.6418190485105812E-003
 -0.10089599564294106     
 -0.10053100496867820     
   5.1859848534964170E-003
  -1.1540247923935709E-015
   3.4558341950138307E-003
   7.1839235948889524E-016
  0.10089599564293934     
  -3.4558341950142136E-003
  0.10053100496867834     
   3.2194758846353919E-016
   3.4558341950142895E-003
   1.3508086219413002E-016
  -1.6567477605201737E-015
   5.1859848534968707E-003
  -5.1859848534965306E-003
   4.5362151377239713E-016
  -4.9040242361087047E-016
   8.6418190485105986E-003
  -8.6418190485105986E-003
   2.3800071147783663E-016
  -6.9957977567049781E-016
   9.6063367672888326E-016
   3.4558341950145367E-003
  -3.3181563540544900E-016
  -8.3831686334820300E-017
  -2.8578655858282626E-016
   5.1859848534961984E-003
  -8.6418190485108796E-003
   3.3256886467541298E-016
   4.4842601854000463E-016
  -2.0513105103425744E-016
   1.9569155882674904E-017
   3.6599855307785446E-016
   0.0000000000000000     
