  -2.0990154059319366E-016
   5.3429483060085659E-016
   9.2287288921966137E-016
   4.5449755070592346E-016
  -4.5449755070592346E-016
  -1.0408340855860843E-016
  -9.8007871102800626E-002
   8.0560901135159069E-002
  -5.8286708792820718E-016
  -2.9837243786801082E-016
  -1.1796119636642288E-016
   1.7446969967641376E-002
   3.1571967262777889E-016
   3.8510861166685117E-016
  -6.2450045135165055E-017
  -9.8007871102799654E-002
   9.8007871102800237E-002
  -6.8001160258290838E-016
  -1.8735013540549517E-016
  -8.0560901135158944E-002
   8.0560901135159013E-002
  -2.3245294578089215E-016
  -2.9143354396410359E-016
   1.7446969967641411E-002
   6.9388939039072284E-017
   8.1683162110695404E-003
  -1.7446969967641432E-002
  0.15147874777930836     
  -7.9146758591441824E-017
   1.7446969967641186E-002
  -5.9414279052205643E-016
   8.0560901135158819E-002
  -8.1683162110686314E-003
 -0.15147874777930767     
  -9.8007871102800223E-002
   1.2143064331837650E-016
  -1.3183898417423734E-016
   1.5265566588595902E-016
  -1.7446969967641571E-002
  -8.0560901135158722E-002
 -0.15964706399037706     
   9.8007871102800154E-002
  -1.7446969967641293E-002
   2.4437916967823270E-016
  -2.2898349882893854E-016
   4.4235448637408581E-016
   7.7628875549962117E-017
  -8.0560901135158694E-002
 -0.15147874777930792     
  0.15964706399037643     
  -9.8756707108114045E-002
   9.8756707108113989E-002
  0.15964706399037651     
  -8.1683162110692282E-003
   9.8007871102800320E-002
   8.1878948066105295E-016
  -3.1571967262777889E-016
  0.15147874777930781     
   9.8007871102800181E-002
  0.18424819847199717     
  -8.0560901135158930E-002
   8.1683162110678421E-003
  -5.4470317145671743E-016
   8.0560901135158861E-002
   8.9988780316296868E-017
   9.8756707108114197E-002
 -0.18424819847199650     
 -0.18424819847199675     
  -9.8756707108113920E-002
   6.0888794006785929E-016
  -9.8007871102800112E-002
  -1.8735013540549517E-016
   1.7446969967641102E-002
  -1.7446969967641245E-002
 -0.15964706399037640     
  0.18424819847199675     
   2.6020852139652106E-017
  0.18424819847199511     
 -0.15964706399037515     
  -1.7446969967641335E-002
   1.7446969967641047E-002
  -1.3860440573054689E-015
  -9.8007871102800015E-002
   3.0791341698588326E-017
  -9.8756707108114336E-002
 -0.18424819847199578     
 -0.18424819847199672     
   9.8756707108114128E-002
   8.9164786665207885E-016
   8.0560901135158944E-002
   1.9081958235744878E-016
   8.1683162110684632E-003
  -8.0560901135158902E-002
  0.18424819847199692     
   9.8007871102800084E-002
  0.15147874777930578     
  -6.3447511133851719E-016
   2.7582103268031233E-016
   9.8007871102799959E-002
  -8.1683162110676201E-003
  0.15964706399037551     
   9.8756707108114072E-002
  -9.8756707108114100E-002
  0.15964706399037654     
 -0.15147874777930739     
  -8.0560901135158597E-002
   6.4184768611141862E-016
  -1.4918621893400541E-016
  -7.2164496600635175E-016
  -3.4347524824340780E-016
  -1.7446969967641154E-002
   9.8007871102800195E-002
 -0.15964706399037673     
  -8.0560901135158736E-002
  -1.7446969967641550E-002
   2.4633073358870661E-016
  -3.9248118643975261E-016
   2.2811613709095013E-016
  -9.8007871102800098E-002
 -0.15147874777930667     
  -8.1683162110690426E-003
   8.0560901135158902E-002
   3.6429192995512949E-016
   1.7446969967641227E-002
  -8.0144224590128488E-016
  0.15147874777930811     
  -1.7446969967641293E-002
   8.1683162110690478E-003
  -1.6024873335078439E-017
   1.7446969967641290E-002
  -2.9333494302034707E-016
   9.7383112599900131E-016
   8.0560901135159166E-002
  -8.0560901135158916E-002
  -3.3566683385545450E-016
  -1.2857511168975924E-016
   9.8007871102800112E-002
  -9.8007871102799737E-002
  -5.4980024812854839E-017
   8.3908353488200095E-017
  -5.3764802084364456E-016
   1.7446969967641762E-002
   1.7458549251932373E-016
   1.7956700960028887E-017
   1.8149556200565464E-016
   8.0560901135158430E-002
  -9.8007871102800612E-002
  -1.7154729568012547E-016
  -5.1347814888913490E-016
   6.2450045135165055E-016
   3.6648863499051603E-016
   1.9286415538903643E-016
   0.0000000000000000     
