  -1.8778381627448937E-016
   2.8059152223924855E-016
   9.7144514654701197E-016
   6.8391473040385620E-016
  -1.0130785099704553E-015
  -7.0429773124658368E-016
  -1.6217281400791320E-002
   4.6533151123941546E-002
  -4.5102810375396984E-016
   5.8980598183211441E-017
   5.0480453150925086E-016
  -3.0315869723150025E-002
  -5.9761223747401004E-016
   8.9511731360403246E-016
  -4.7531423241764514E-016
  -1.6217281400791386E-002
   1.6217281400791331E-002
  -4.0592529337857286E-016
  -5.6205040621648550E-016
  -4.6533151123941206E-002
   4.6533151123941394E-002
   1.6948248360293405E-015
  -5.0393716977126246E-016
  -3.0315869723150073E-002
   2.6020852139652106E-017
  -5.8464119759163935E-002
   3.0315869723149876E-002
  -7.8171290993795765E-003
  -9.6277152916712794E-016
  -3.0315869723150441E-002
   8.9685203708000927E-016
   4.6533151123941185E-002
   5.8464119759164414E-002
   7.8171290993821647E-003
  -1.6217281400790897E-002
   6.9909356081865326E-016
  -5.8980598183211441E-017
   6.2450045135165055E-016
   3.0315869723150236E-002
  -4.6533151123941394E-002
   6.6281248858544486E-002
   1.6217281400791147E-002
   3.0315869723150077E-002
  -6.9085362430776343E-016
  -9.2460761269563818E-016
  -8.0100856503229068E-016
   8.7690271710627599E-016
  -4.6533151123941442E-002
   7.8171290993798125E-003
  -6.6281248858544875E-002
  0.28675307511208903     
 -0.28675307511208886     
  -6.6281248858547165E-002
   5.8464119759166440E-002
   1.6217281400790994E-002
  -8.5001450322863548E-017
  -2.5326962749261384E-016
  -7.8171290993815368E-003
   1.6217281400791105E-002
  0.16794504012827635     
  -4.6533151123941151E-002
  -5.8464119759164282E-002
   5.8807125835613761E-016
   4.6533151123940901E-002
   3.6602665343110630E-016
 -0.28675307511208892     
 -0.16794504012827582     
 -0.16794504012827319     
  0.28675307511208897     
  -3.6906241951406571E-016
  -1.6217281400790609E-002
  -1.2524703496552547E-015
  -3.0315869723149747E-002
   3.0315869723150243E-002
   6.6281248858546707E-002
  0.16794504012827371     
  -5.6161672534749130E-017
  0.16794504012827566     
   6.6281248858544847E-002
   3.0315869723150049E-002
  -3.0315869723150708E-002
   5.5359362927109856E-016
  -1.6217281400791251E-002
   7.0429773124658368E-016
  0.28675307511208892     
 -0.16794504012827685     
 -0.16794504012827352     
 -0.28675307511208870     
   3.6429192995512949E-017
   4.6533151123941706E-002
  -9.7664931697494239E-016
  -5.8464119759166287E-002
  -4.6533151123941380E-002
  0.16794504012827377     
   1.6217281400790894E-002
  -7.8171290993799894E-003
  -3.9898639947466563E-017
   3.7296554733501353E-016
   1.6217281400791032E-002
   5.8464119759163463E-002
  -6.6281248858543709E-002
 -0.28675307511208925     
  0.28675307511208886     
  -6.6281248858546804E-002
   7.8171290993823226E-003
  -4.6533151123941102E-002
  -4.6880901938273212E-016
   1.1572773989110274E-015
   9.3328123007552222E-016
   5.7473557163456590E-016
   3.0315869723150417E-002
   1.6217281400791088E-002
   6.6281248858546665E-002
  -4.6533151123941040E-002
   3.0315869723149990E-002
  -1.4294121442048890E-015
  -2.6454533008646308E-016
  -6.5876124000219249E-016
  -1.6217281400791456E-002
   7.8171290993786328E-003
   5.8464119759166135E-002
   4.6533151123940561E-002
  -8.0838113980519211E-016
  -3.0315869723150087E-002
   6.6960326172704754E-016
  -7.8171290993820988E-003
   3.0315869723150379E-002
  -5.8464119759166135E-002
  -2.5470059237721604E-016
  -3.0315869723149178E-002
   1.4049040834177825E-015
  -1.6461284570413946E-015
   4.6533151123941040E-002
  -4.6533151123941192E-002
   1.3837799111994354E-015
   2.1095407654932465E-016
   1.6217281400790911E-002
  -1.6217281400791567E-002
   1.6377474506318783E-015
  -7.4007157014710217E-016
   1.0010874256572234E-015
  -3.0315869723151017E-002
  -1.3712659481529041E-015
   5.7776748197377473E-016
   1.5376278708614010E-016
   4.6533151123941498E-002
  -1.6217281400790543E-002
   1.3726119351898468E-015
   8.8817841970012523E-016
  -1.2130053905767824E-015
  -1.4374026148133995E-015
  -2.9503405193478673E-016
   0.0000000000000000     
