   4.5970172113385388E-016
  -1.0228363295228249E-015
  -2.1788126858268697E-015
  -1.2056328158038809E-015
   5.2735593669694936E-016
   1.0512424264419451E-015
   3.3856163817491569E-002
 -0.15628835452680268     
   1.1102230246251565E-015
   3.1029866176535137E-016
  -5.6551985316843911E-016
  0.12243219070931106     
  -4.7878367936959876E-016
  -2.8796409701214998E-016
   7.0082828429463007E-016
   3.3856163817490230E-002
  -3.3856163817490958E-002
   1.2073675392798577E-015
   1.1102230246251565E-015
  0.15628835452680331     
 -0.15628835452680348     
   5.5511151231257827E-017
   6.8868521996279242E-016
  0.12243219070931283     
  -2.0816681711721685E-017
 -0.13738489437161092     
 -0.12243219070931186     
  0.14801749388518973     
   4.5796699765787707E-016
  0.12243219070931241     
   3.0878077872387166E-016
 -0.15628835452680323     
  0.13738489437160922     
 -0.14801749388519203     
   3.3856163817491111E-002
  -1.1449174941446927E-016
  -8.3266726846886741E-017
  -6.2450045135165055E-016
 -0.12243219070931184     
  0.15628835452680284     
  -1.0632599513581056E-002
  -3.3856163817491236E-002
 -0.12243219070931223     
  -3.6255720647915268E-016
   3.4000580129145419E-016
  -5.9847959921199845E-017
  -5.2041704279304213E-017
  0.15628835452680245     
 -0.14801749388519117     
   1.0632599513582749E-002
   3.3839901923884481E-002
  -3.3839901923884141E-002
   1.0632599513583134E-002
  0.13738489437160864     
  -3.3856163817491153E-002
  -2.9837243786801082E-016
   4.8572257327350599E-017
  0.14801749388519225     
  -3.3856163817490521E-002
   4.2827086589997079E-002
  0.15628835452680326     
 -0.13738489437160809     
   2.5673907444456745E-016
 -0.15628835452680229     
  -2.3592239273284576E-016
  -3.3839901923884801E-002
  -4.2827086589998682E-002
  -4.2827086589999112E-002
   3.3839901923884315E-002
  -2.2030988144905450E-016
   3.3856163817491083E-002
   7.2858385991025898E-017
  0.12243219070931161     
 -0.12243219070931181     
  -1.0632599513583973E-002
   4.2827086589999917E-002
   5.3776427755281020E-017
   4.2827086589999758E-002
  -1.0632599513583672E-002
 -0.12243219070931212     
  0.12243219070931216     
   4.2327252813834093E-016
   3.3856163817490847E-002
   1.3704315460216776E-016
   3.3839901923884613E-002
  -4.2827086589999244E-002
  -4.2827086589999931E-002
  -3.3839901923884551E-002
  -1.7000290064572710E-016
 -0.15628835452680290     
  -4.1633363423443370E-017
 -0.13738489437160811     
  0.15628835452680237     
   4.2827086590000299E-002
  -3.3856163817490896E-002
  0.14801749388519195     
  -3.2959746043559335E-017
  -2.9837243786801082E-016
  -3.3856163817490459E-002
  0.13738489437160883     
   1.0632599513583217E-002
  -3.3839901923884586E-002
   3.3839901923884405E-002
   1.0632599513584029E-002
 -0.14801749388519220     
  0.15628835452680273     
  -4.2164622487961267E-016
  -4.9786563760534364E-016
  -2.0816681711721685E-016
  -2.3505503099485736E-016
 -0.12243219070931188     
  -3.3856163817490494E-002
  -1.0632599513584341E-002
  0.15628835452680276     
 -0.12243219070931197     
   4.9266146717741321E-016
   4.5623227418190027E-016
   2.3765711620882257E-016
   3.3856163817490334E-002
 -0.14801749388519139     
  0.13738489437160750     
 -0.15628835452680259     
   4.3021142204224816E-016
  0.12243219070931215     
  -3.1918911957973251E-016
  0.14801749388519259     
 -0.12243219070931204     
 -0.13738489437160709     
   3.1602293614378098E-016
  0.12243219070931154     
  -3.1803068363996124E-016
   5.4148152208979538E-016
 -0.15628835452680265     
  0.15628835452680265     
  -5.7236208283713215E-016
  -6.7715909466737129E-016
  -3.3856163817490681E-002
   3.3856163817490958E-002
  -8.2475965685111238E-016
   5.4347151850936839E-016
   6.0035264618012053E-017
  0.12243219070931265     
   5.0240466522315523E-016
  -3.8781078052234409E-016
  -4.6912038182765449E-016
 -0.15628835452680276     
   3.3856163817490029E-002
  -5.2083275261603850E-016
  -4.6490589156178430E-016
   6.7610847476196057E-016
   1.1847714178524710E-015
   7.5174347428515982E-016
   0.0000000000000000     
