  -6.9909356081865326E-016
   3.5735303605122226E-016
   8.5695339713254270E-016
   3.8857805861880479E-016
  -4.0386530925085040E-016
  -4.0939474033052647E-016
  -7.0092669509875180E-002
  -6.1092479480107702E-002
  -5.4296844798074062E-016
   5.4123372450476381E-016
  -3.2959746043559335E-016
  0.13118514898998290     
  -2.9490299091605721E-016
   4.4408920985006262E-016
   6.4184768611141862E-016
  -7.0092669509875194E-002
   7.0092669509875277E-002
  -3.4174052476743100E-016
  -4.8919202022545960E-016
   6.1092479480107792E-002
  -6.1092479480107903E-002
   8.1878948066105295E-016
   1.3530843112619095E-016
  0.13118514898998279     
  -5.5684623578855508E-016
  0.19238436967432362     
 -0.13118514898998290     
 -0.16787597165702903     
  -6.2103100439969694E-016
  0.13118514898998318     
   1.5265566588595902E-016
  -6.1092479480107376E-002
 -0.19238436967432210     
  0.16787597165703097     
  -7.0092669509875166E-002
  -4.8312048805954078E-016
  -3.5041414214731503E-016
   5.5511151231257827E-017
 -0.13118514898998301     
   6.1092479480107625E-002
  -2.4508398017293723E-002
   7.0092669509875374E-002
 -0.13118514898998307     
  -2.1510571102112408E-016
  -7.4940054162198066E-016
  -5.5511151231257827E-017
   1.3183898417423734E-016
   6.1092479480107646E-002
  0.16787597165703039     
   2.4508398017292377E-002
   3.3094448826167550E-002
  -3.3094448826167557E-002
   2.4508398017291891E-002
 -0.19238436967432201     
   7.0092669509875347E-002
   5.8286708792820718E-016
  -1.2143064331837650E-016
 -0.16787597165703017     
   7.0092669509875194E-002
   8.0002343475649149E-002
   6.1092479480107667E-002
  0.19238436967432307     
   6.3143934525555778E-016
  -6.1092479480107043E-002
  -4.1633363423443370E-017
  -3.3094448826167425E-002
  -8.0002343475647608E-002
  -8.0002343475647400E-002
   3.3094448826167584E-002
  -5.1174342541315809E-016
  -7.0092669509875860E-002
  -2.4806545706468341E-016
  0.13118514898998213     
 -0.13118514898998290     
  -2.4508398017292418E-002
   8.0002343475647900E-002
   3.9031278209478160E-017
   8.0002343475648427E-002
  -2.4508398017292862E-002
 -0.13118514898998310     
  0.13118514898998396     
   1.2836953722228372E-016
  -7.0092669509874722E-002
   2.9490299091605721E-016
   3.3094448826167473E-002
  -8.0002343475647261E-002
  -8.0002343475650897E-002
  -3.3094448826167584E-002
   3.6255720647915268E-016
  -6.1092479480108312E-002
  -3.0010716134398763E-016
  0.19238436967432249     
   6.1092479480107612E-002
   8.0002343475647608E-002
   7.0092669509875513E-002
 -0.16787597165703000     
  -3.5561831257524545E-016
  -9.7144514654701197E-017
   7.0092669509875236E-002
 -0.19238436967432190     
   2.4508398017291488E-002
  -3.3094448826167633E-002
   3.3094448826167563E-002
   2.4508398017295215E-002
  0.16787597165702783     
   6.1092479480107473E-002
  -3.9031278209478160E-016
  -4.0939474033052647E-016
  -3.3653635433950058E-016
  -7.6501305290577193E-016
 -0.13118514898998290     
   7.0092669509875666E-002
  -2.4508398017291912E-002
   6.1092479480107584E-002
 -0.13118514898998304     
   7.7281930854766756E-016
   1.2194021833944468E-015
   8.5305026931159489E-016
  -7.0092669509875791E-002
  0.16787597165703105     
 -0.19238436967432526     
  -6.1092479480107369E-002
   7.4246164771807344E-016
  0.13118514898998346     
  -1.1362438767648086E-016
 -0.16787597165703100     
 -0.13118514898998293     
  0.19238436967432190     
   1.3506913283396036E-015
  0.13118514898998279     
  -7.7027872965639881E-016
   9.1279269266526310E-016
  -6.1092479480108007E-002
   6.1092479480107341E-002
   3.0001748349425065E-016
   8.2609552300242371E-016
   7.0092669509875319E-002
  -7.0092669509875236E-002
  -2.0276698427634323E-015
   2.0624288974939511E-016
  -6.2453704759430421E-016
  0.13118514898998346     
   7.7831381210398919E-016
  -1.3740188939227481E-015
   7.9462227817685554E-016
  -6.1092479480107847E-002
  -7.0092669509875707E-002
   3.6021628579999138E-016
   4.4306947748086994E-016
  -2.7550830605854969E-016
  -1.0976010607076490E-015
  -5.7463683218953352E-016
   1.1250405836409861E-015
