  -1.4918621893400541E-016
   3.4694469519536142E-017
   5.5511151231257827E-016
   8.5348395018058909E-016
  -8.2919782151691379E-016
  -6.5225602696727947E-016
 -0.16020056325932996     
   6.9469694635938523E-002
   3.2265856653168612E-016
  -2.2204460492503131E-016
   4.5796699765787707E-016
   9.0730868623391178E-002
  -9.4889374135931348E-016
   8.4827977975265867E-016
  -4.4408920985006262E-016
 -0.16020056325932919     
  0.16020056325932969     
   3.2612801348363973E-016
  -7.7021722333370235E-016
  -6.9469694635938550E-002
   6.9469694635938647E-002
   1.7728873924482969E-015
  -6.5225602696727947E-016
   9.0730868623390304E-002
  -1.9428902930940239E-016
 -0.11771032574884048     
  -9.0730868623391053E-002
   7.4089476017197668E-003
  -8.4827977975265867E-016
   9.0730868623391359E-002
   7.6045940378133281E-016
   6.9469694635939147E-002
  0.11771032574884059     
  -7.4089476017176054E-003
 -0.16020056325932991     
   7.0776717819853729E-016
  -1.5612511283791264E-016
   5.9674487573602164E-016
  -9.0730868623390651E-002
  -6.9469694635938828E-002
  0.11030137814712089     
  0.16020056325932974     
  -9.0730868623391137E-002
  -8.9598467534202086E-016
  -1.1859003362646447E-015
  -4.3368086899420177E-016
   7.1123662515049091E-016
  -6.9469694635938897E-002
  -7.4089476017197217E-003
 -0.11030137814712113     
   1.4630067798458990E-002
  -1.4630067798458905E-002
 -0.11030137814712318     
  0.11771032574884262     
  0.16020056325932963     
   6.5225602696727947E-016
  -8.4047352411076304E-016
   7.4089476017176956E-003
  0.16020056325932955     
 -0.14582268300045273     
  -6.9469694635938412E-002
 -0.11771032574884163     
  -4.8138576458356397E-016
   6.9469694635938939E-002
   1.0078743395425249E-015
  -1.4630067798458981E-002
  0.14582268300045303     
  0.14582268300045492     
   1.4630067798458777E-002
   3.1225022567582528E-016
 -0.16020056325932910     
  -1.8249290967276011E-015
   9.0730868623390679E-002
  -9.0730868623390817E-002
  0.11030137814712331     
 -0.14582268300045492     
   2.9490299091605721E-017
 -0.14582268300045403     
  0.11030137814712228     
  -9.0730868623391345E-002
   9.0730868623390984E-002
  -9.2634233617161499E-016
 -0.16020056325932988     
   6.7957792171391418E-016
   1.4630067798459257E-002
  0.14582268300045381     
  0.14582268300045109     
  -1.4630067798458841E-002
   6.5919492087118670E-016
   6.9469694635938453E-002
  -6.7892740041042288E-016
 -0.11771032574884252     
  -6.9469694635938967E-002
 -0.14582268300045126     
  0.16020056325932963     
   7.4089476017183825E-003
  -8.4958082235964127E-016
   1.2294852635985620E-015
  0.16020056325932988     
  0.11771032574884116     
 -0.11030137814712208     
  -1.4630067798459118E-002
   1.4630067798458879E-002
 -0.11030137814711927     
  -7.4089476017214634E-003
  -6.9469694635938245E-002
   6.2450045135165055E-017
   5.5164206536062466E-016
  -4.5623227418190027E-016
   7.1123662515049091E-017
  -9.0730868623390970E-002
  0.16020056325932999     
  0.11030137814711943     
  -6.9469694635938481E-002
  -9.0730868623391234E-002
   1.4432899320127035E-015
   7.2337968948232856E-016
   7.0950190167451410E-016
 -0.16020056325933021     
  -7.4089476017186653E-003
  0.11771032574883838     
   6.9469694635939494E-002
  -6.9388939039072284E-017
   9.0730868623390915E-002
  -4.7878367936959876E-016
   7.4089476017212691E-003
  -9.0730868623391109E-002
 -0.11771032574883851     
   8.9221613838715912E-016
   9.0730868623389790E-002
  -1.9299312826804519E-015
   3.4509463032376346E-016
   6.9469694635939355E-002
  -6.9469694635938981E-002
  -1.4688049202035520E-015
  -7.6905288154022106E-016
  0.16020056325932971     
 -0.16020056325932841     
  -2.4548652451299306E-015
   6.8302272092961473E-017
   1.6082185646393198E-016
   9.0730868623392413E-002
   1.4001681227476591E-015
  -1.2351139593469706E-015
  -7.4037897566887151E-016
   6.9469694635937856E-002
 -0.16020056325933077     
  -1.3839317949719752E-015
  -6.3837823915946501E-016
   1.6341095143701523E-015
   2.3318816260916116E-015
   1.0744339942741685E-015
   0.0000000000000000     
